75166070
class1	class2	reads	n1	n2	n3	n4	n5	n6	n7	n8	n9	n10	n11	n12	n13	n14	n15	n16	n17	n18	n19	n20	n21	n22	n23	n24	n25	n26	n27	n28	n29	n30	n31	n32	n33	n34	n35	n36	n37	n38	n39	n40	n41	n42	n43	n44	n45	n46	n47	n48	n49	n50	n51	n52	n53	n54	n55	n56	n57	n58	n59	n60	n61	n62	n63	n64	n65	n66	n67	n68	n69	n70	n71	n72	n73	n74	n75	n76	n77	n78	n79	n80	n81	n82	n83	n84	n85	n86	n87	n88	n89	n90	n91	n92	n93	n94	n95	n96	n97	n98	n99	n100
Known splice	Known splice	11742257	1411	1745	1535	1404	1166	1076	961	1055	892	905	819	793	776	805	720	747	701	680	690	622	642	623	567	608	541	590	610	613	541	492	513	526	517	502	514	495	509	515	514	461	482	462	477	477	447	404	438	413	434	390	425	389	390	404	395	405	379	393	371	356	363	367	360	350	333	334	311	333	318	336	302	328	301	313	311	297	293	267	251	249	264	278	283	256	279	242	227	283	260	230	258	223	260	239	187	236	192	205	230	26059
Known splice	Same gene	523	6	5	0	1	0	1	1	1	1	1	1	0	1	0	0	0	1	0	1	0	1	1	0	1	0	0	0	0	0	0	0	0	0	0	0	0	0	0	0	1	0	0	0	0	0	0	0	0	0	0	0	0	0	0	0	0	0	0	0	0	1	0	0	0	0	0	0	0	0	0	0	0	0	0	0	0	0	0	0	0	0	0	0	0	0	0	0	0	0	0	0	0	0	0	1	0	0	0	0	1
Known splice	Different genes	190	1	0	0	0	0	0	0	0	0	0	0	0	0	0	0	0	0	0	0	0	0	0	0	0	0	0	0	0	0	0	0	0	0	0	0	0	0	0	0	0	0	0	0	0	0	0	0	0	0	0	0	0	0	0	0	0	0	0	0	0	0	0	0	0	0	0	0	0	0	0	0	0	0	0	0	0	0	0	0	0	0	0	0	0	0	0	0	0	0	0	0	0	0	0	0	0	0	0	0	1
Known splice	One novel	5132	28	18	17	8	6	6	5	4	4	5	2	4	2	2	1	4	4	1	1	1	2	0	1	1	1	1	2	2	1	0	1	1	1	1	4	0	2	1	1	2	0	0	0	1	3	2	0	0	2	0	0	0	0	0	3	0	0	0	1	0	2	2	0	0	1	1	2	0	0	0	1	1	0	1	0	0	0	1	0	1	0	0	1	0	0	0	0	0	0	1	1	0	0	0	1	0	0	0	0	13
Known splice	Both novel	32579	272	149	107	92	75	56	47	38	39	23	21	21	26	21	23	17	17	16	12	21	14	17	15	9	13	17	15	7	13	12	8	8	10	6	11	8	6	8	7	11	5	10	7	9	7	7	11	3	6	12	3	2	4	5	1	3	6	8	3	4	3	2	2	2	1	3	3	2	0	4	4	3	2	2	2	1	3	2	4	2	0	3	2	0	0	2	0	1	1	1	0	0	3	2	0	0	0	0	0	62
Same gene	Known splice	869599	1435	1716	1848	1603	1472	1317	1235	1183	998	918	851	806	704	680	617	501	521	544	411	426	368	314	288	309	271	264	216	224	228	203	216	184	171	152	152	163	159	129	148	123	118	111	127	99	114	112	86	100	89	80	80	93	74	73	70	58	61	70	59	50	55	45	37	47	58	42	45	42	36	34	34	33	27	34	34	34	29	33	24	21	33	26	27	25	21	35	24	22	30	23	29	32	20	25	22	13	18	18	16	1411
Same gene	Same gene	1674	107	51	25	13	19	7	10	7	5	3	4	4	1	1	1	3	1	1	2	0	0	1	0	1	0	1	1	2	2	1	0	0	0	0	1	0	0	0	0	1	1	1	0	0	0	0	0	0	0	0	0	0	0	0	0	0	0	0	0	0	0	0	0	0	0	0	0	0	0	0	0	1	0	0	0	0	0	0	0	0	0	0	0	0	0	0	0	0	0	0	0	0	0	0	0	0	0	0	0	2
Same gene	Different genes	2428	3	0	2	1	1	0	2	0	1	0	0	2	0	0	0	0	2	2	0	0	0	0	0	1	0	0	0	0	0	0	0	0	0	0	0	0	0	0	0	0	0	0	0	0	0	0	0	0	0	0	0	1	0	0	0	0	0	0	0	0	0	0	0	0	0	0	0	0	0	0	0	0	1	0	0	0	0	0	0	0	0	0	0	0	0	0	0	0	0	0	0	0	0	0	0	0	0	0	0	9
Same gene	One novel	2091	40	23	8	13	4	5	3	5	0	1	1	1	0	1	2	0	2	2	1	2	1	2	1	0	0	1	2	0	0	1	1	0	0	1	0	0	0	0	0	0	0	0	0	0	0	1	0	0	0	0	0	0	0	0	0	0	0	0	0	0	1	0	0	0	0	0	0	0	1	1	0	0	1	1	0	0	0	2	0	0	0	0	1	1	0	0	0	0	0	0	2	0	1	1	0	0	0	0	0	2
Same gene	Both novel	2664	140	73	44	23	22	12	6	2	9	3	6	5	3	4	1	1	5	1	3	3	0	0	1	1	3	2	0	0	3	2	1	0	1	0	0	0	0	0	0	0	1	0	0	0	0	2	1	1	0	0	0	0	0	1	1	0	0	0	1	0	0	0	0	0	0	0	0	0	0	0	0	0	0	0	0	1	1	0	0	0	0	0	1	0	0	0	0	0	0	1	0	0	0	0	0	0	0	0	0	1
Different genes	Known splice	8643	7	14	7	6	7	9	3	6	3	3	1	6	3	2	5	2	5	2	3	1	3	3	2	2	2	0	1	3	2	1	1	2	0	3	3	0	2	0	0	2	0	0	2	1	0	2	1	1	1	1	1	0	0	0	0	0	2	1	0	0	0	0	2	1	0	0	0	0	1	0	2	0	0	0	1	0	0	0	1	0	0	0	2	0	0	0	0	0	1	0	0	0	0	1	0	0	0	0	0	23
Different genes	Same gene	938	12	7	3	4	2	1	0	0	0	0	0	2	1	1	0	1	0	0	0	0	1	0	2	0	2	0	1	1	1	1	0	0	1	0	0	1	0	1	0	1	0	1	0	1	2	0	0	0	0	1	0	0	0	0	0	0	0	0	0	0	0	0	0	0	0	0	0	0	0	0	0	0	0	0	0	0	0	0	0	0	0	0	0	0	0	0	0	0	0	0	0	0	0	0	0	0	0	0	0	1
Different genes	Different genes	11701	47	21	19	18	10	7	5	6	3	4	6	3	6	2	2	1	2	5	6	2	3	2	2	2	1	1	5	1	3	1	0	3	1	2	3	1	3	2	0	1	1	0	0	1	1	1	0	1	0	0	1	0	0	1	1	0	0	1	0	0	0	1	0	0	0	0	1	0	0	1	1	1	0	1	0	0	0	0	0	0	0	0	0	1	0	0	1	1	0	0	0	0	0	1	0	0	0	0	0	35
Different genes	One novel	19135	141	64	44	33	28	24	22	21	16	11	11	10	8	2	8	7	12	6	3	4	6	9	1	6	4	4	5	8	7	2	4	5	5	2	7	1	5	1	5	2	2	4	2	3	3	1	3	1	2	0	3	2	4	2	1	2	1	4	1	3	4	1	2	1	2	4	1	1	1	3	0	2	1	0	0	1	1	2	0	3	1	1	0	1	1	0	1	2	0	0	1	2	1	0	2	0	2	1	1	45
Different genes	Both novel	3548	60	39	20	16	17	6	9	4	6	5	1	4	3	3	3	2	0	2	0	3	2	6	2	5	1	1	2	1	3	1	2	0	0	0	3	1	0	0	3	0	0	1	0	2	0	0	1	0	0	0	2	2	0	1	0	0	0	1	1	0	0	1	0	0	0	0	1	0	0	0	1	1	0	0	0	0	0	0	0	0	0	0	1	0	0	0	0	0	0	0	1	0	0	0	0	0	0	0	0	6
One novel	Known splice	265914	159	153	154	143	129	104	114	90	69	85	76	65	56	37	68	49	45	44	46	38	35	36	31	39	40	28	28	33	32	22	38	20	33	36	24	17	34	19	12	13	13	18	21	17	23	18	12	22	18	14	9	18	14	11	20	20	11	10	14	20	11	13	15	9	7	11	13	17	4	6	9	15	8	8	8	7	10	11	7	12	13	11	8	4	10	8	11	9	5	6	10	4	8	5	5	5	6	3	4	643
One novel	Same gene	43	5	4	0	0	0	0	0	0	0	1	0	0	0	0	0	0	0	0	0	1	0	0	0	0	0	0	0	0	0	0	0	0	0	0	0	0	0	0	0	0	0	0	0	0	0	0	0	0	0	0	0	0	0	0	0	0	0	0	0	0	0	0	0	0	0	0	0	0	0	0	0	0	0	0	0	0	0	0	0	0	0	0	0	0	0	0	0	0	0	0	0	0	0	0	0	0	0	0	0	0
One novel	Different genes	49	2	2	0	0	0	1	1	0	1	1	1	0	0	0	0	0	0	0	0	0	0	0	0	0	0	0	0	0	0	0	0	0	0	0	0	0	0	0	0	0	0	0	0	0	0	0	0	0	0	0	0	0	0	0	0	0	0	0	0	0	0	0	0	0	0	0	0	0	0	0	0	0	0	0	0	0	0	0	0	0	0	0	0	0	0	0	0	0	0	0	0	0	0	0	0	0	0	0	0	0
One novel	One novel	9951	366	150	77	52	39	21	22	13	18	9	4	4	8	11	4	5	3	8	5	3	6	3	3	5	3	2	2	2	2	5	1	1	3	0	1	3	0	0	0	1	0	2	1	1	2	1	0	0	1	0	0	0	0	1	0	0	1	1	1	1	0	1	1	1	0	1	0	0	1	0	0	1	0	0	1	1	0	1	0	0	0	0	1	0	0	0	0	0	0	0	0	0	0	0	0	1	2	0	0	21
One novel	Both novel	4819	103	53	29	27	16	17	5	9	5	6	7	5	4	2	5	6	6	4	0	3	3	2	2	2	1	3	0	2	0	1	2	0	0	0	4	0	3	0	0	1	3	0	1	1	3	0	1	1	0	0	0	2	0	0	0	2	1	0	2	0	0	1	0	0	0	0	0	0	0	0	0	0	0	1	3	0	0	2	0	0	0	0	1	0	0	0	0	0	1	0	0	0	0	0	0	0	0	0	0	8
Both novel	Known splice	109332	157	135	104	80	61	56	45	51	42	38	28	33	29	22	33	15	12	20	22	20	13	22	8	13	13	15	8	11	15	13	10	10	12	13	9	14	9	11	13	7	12	8	6	11	15	7	7	5	7	6	9	6	6	8	7	4	5	7	6	3	7	5	5	8	6	3	2	3	4	4	3	0	3	4	6	3	4	6	2	3	3	7	2	3	3	1	1	6	7	7	4	2	0	1	3	2	2	4	7	228
Both novel	Same gene	23	2	1	1	1	0	2	0	0	0	0	0	0	0	0	0	0	0	0	0	0	0	0	0	0	0	0	0	0	0	0	0	0	0	0	0	0	0	0	0	0	0	0	0	0	0	0	0	0	0	0	0	0	0	0	0	0	0	0	0	0	0	0	0	0	0	0	0	0	0	0	0	0	0	0	0	0	0	0	0	0	0	0	0	0	0	0	0	0	0	0	0	0	0	0	0	0	0	0	0	0
Both novel	Different genes	0	0	0	0	0	0	0	0	0	0	0	0	0	0	0	0	0	0	0	0	0	0	0	0	0	0	0	0	0	0	0	0	0	0	0	0	0	0	0	0	0	0	0	0	0	0	0	0	0	0	0	0	0	0	0	0	0	0	0	0	0	0	0	0	0	0	0	0	0	0	0	0	0	0	0	0	0	0	0	0	0	0	0	0	0	0	0	0	0	0	0	0	0	0	0	0	0	0	0	0	0
Both novel	One novel	1860	23	22	13	8	5	10	3	2	1	1	1	3	3	1	2	1	0	2	1	1	1	0	0	2	1	0	1	0	1	0	0	1	1	1	0	0	1	0	0	1	0	0	0	0	2	0	1	0	0	1	1	0	0	0	0	0	0	0	0	0	0	0	0	1	0	0	0	1	1	0	0	0	0	0	0	1	0	0	0	1	0	0	0	0	0	0	0	0	0	0	0	0	0	0	0	0	0	0	0	2
Both novel	Both novel	33675	968	412	215	132	119	77	65	40	37	39	43	32	22	19	14	18	12	10	11	11	13	8	11	7	5	5	9	8	9	10	7	6	2	3	5	7	7	4	2	4	3	6	4	4	4	3	4	1	3	3	2	4	3	3	2	3	2	3	1	1	0	2	2	2	2	0	1	1	0	2	1	4	0	0	2	0	2	1	0	1	3	1	2	0	0	0	0	0	0	2	2	1	1	0	1	0	1	0	0	42
