78886459
class1	class2	reads	n1	n2	n3	n4	n5	n6	n7	n8	n9	n10	n11	n12	n13	n14	n15	n16	n17	n18	n19	n20	n21	n22	n23	n24	n25	n26	n27	n28	n29	n30	n31	n32	n33	n34	n35	n36	n37	n38	n39	n40	n41	n42	n43	n44	n45	n46	n47	n48	n49	n50	n51	n52	n53	n54	n55	n56	n57	n58	n59	n60	n61	n62	n63	n64	n65	n66	n67	n68	n69	n70	n71	n72	n73	n74	n75	n76	n77	n78	n79	n80	n81	n82	n83	n84	n85	n86	n87	n88	n89	n90	n91	n92	n93	n94	n95	n96	n97	n98	n99	n100
Known splice	Known splice	12160725	1944	2141	1757	1511	1281	1172	1016	1012	959	871	828	815	758	803	756	723	692	706	682	653	642	611	603	576	561	564	603	583	558	566	489	520	523	497	519	517	508	493	474	449	503	458	454	437	451	479	436	402	423	412	438	378	437	397	380	415	401	368	390	324	385	339	378	361	376	361	310	340	326	342	282	285	311	333	329	266	293	265	299	262	276	292	271	261	268	268	284	240	269	246	249	246	248	237	226	228	218	228	192	26787
Known splice	Same gene	321	2	0	1	0	0	0	0	0	0	0	0	0	0	0	0	0	0	0	0	0	0	0	0	0	0	0	0	0	0	0	0	0	1	0	0	0	0	0	0	0	0	0	0	0	0	0	1	0	0	0	0	0	0	0	0	0	0	0	0	0	0	0	0	0	0	0	0	0	1	0	0	0	0	0	0	0	0	0	0	1	0	0	0	0	0	0	1	0	0	0	0	0	0	0	0	0	0	0	0	0
Known splice	Different genes	0	0	0	0	0	0	0	0	0	0	0	0	0	0	0	0	0	0	0	0	0	0	0	0	0	0	0	0	0	0	0	0	0	0	0	0	0	0	0	0	0	0	0	0	0	0	0	0	0	0	0	0	0	0	0	0	0	0	0	0	0	0	0	0	0	0	0	0	0	0	0	0	0	0	0	0	0	0	0	0	0	0	0	0	0	0	0	0	0	0	0	0	0	0	0	0	0	0	0	0	0
Known splice	One novel	3208	17	12	5	4	4	4	2	1	0	3	4	1	1	0	1	2	2	2	0	3	1	1	0	1	0	0	0	1	0	0	1	1	1	0	0	1	1	1	1	0	1	1	0	0	0	0	0	1	1	0	0	0	1	0	1	0	0	1	0	0	1	0	2	1	0	0	0	1	0	1	1	0	0	0	0	0	0	0	0	1	1	0	0	0	1	1	0	0	0	0	0	0	0	0	1	0	0	0	0	7
Known splice	Both novel	16129	123	51	38	24	23	16	4	11	7	4	5	5	6	3	8	4	3	4	4	3	4	4	1	4	3	0	2	2	2	1	0	2	5	2	1	2	1	2	1	3	2	1	3	2	1	0	1	0	1	1	2	1	1	3	0	2	3	2	0	2	0	1	1	0	0	1	2	1	0	2	1	0	1	1	0	1	0	0	0	0	0	1	0	1	0	1	1	1	1	1	0	0	1	0	0	0	0	1	0	53
Same gene	Known splice	931240	1929	2150	2002	1754	1585	1461	1269	1168	1053	931	885	821	781	680	645	612	539	506	490	415	379	399	317	300	307	289	254	235	246	228	199	207	198	196	171	147	154	145	149	123	130	135	140	113	100	110	112	97	83	108	78	86	92	95	67	70	75	51	58	59	71	65	56	45	50	50	44	37	48	32	41	31	37	42	36	38	38	24	27	31	32	29	31	34	28	25	31	26	20	28	32	26	21	26	23	25	20	21	21	1511
Same gene	Same gene	754	18	10	8	7	2	4	2	3	1	2	6	0	1	2	0	2	1	0	2	0	1	0	0	0	0	0	0	0	0	0	0	1	0	0	1	0	0	0	1	0	1	0	0	0	0	0	0	0	0	0	0	0	0	0	0	0	0	0	0	1	0	0	0	0	0	0	0	0	0	0	0	0	0	0	0	0	0	0	0	0	0	0	0	0	0	0	0	0	0	0	0	0	0	0	0	0	0	0	0	1
Same gene	Different genes	12	0	0	0	3	0	0	0	0	0	0	0	0	0	0	0	0	0	0	0	0	0	0	0	0	0	0	0	0	0	0	0	0	0	0	0	0	0	0	0	0	0	0	0	0	0	0	0	0	0	0	0	0	0	0	0	0	0	0	0	0	0	0	0	0	0	0	0	0	0	0	0	0	0	0	0	0	0	0	0	0	0	0	0	0	0	0	0	0	0	0	0	0	0	0	0	0	0	0	0	0
Same gene	One novel	575	17	5	5	2	5	1	3	1	0	0	1	1	1	3	1	1	0	2	1	1	0	0	3	0	0	0	0	0	0	0	0	0	1	0	1	0	0	0	0	0	0	0	0	0	0	0	0	0	0	0	0	0	1	0	0	0	0	0	0	0	0	0	0	0	0	0	0	0	0	0	0	0	0	0	0	0	0	0	0	0	0	0	0	0	0	0	0	0	0	0	1	0	0	0	0	0	0	0	0	0
Same gene	Both novel	1392	43	19	14	7	9	2	1	3	1	4	1	1	1	0	3	2	4	4	0	0	2	2	2	2	0	0	1	0	1	0	1	0	0	0	0	1	1	0	0	0	0	0	0	0	0	0	0	0	0	0	0	1	0	0	0	0	0	1	0	0	0	0	0	0	0	0	0	0	0	0	0	0	0	0	0	0	0	0	0	0	0	0	0	0	0	0	0	0	0	0	0	0	0	0	0	1	1	0	0	1
Different genes	Known splice	8980	6	12	9	7	10	10	4	5	4	4	2	4	3	5	1	3	5	3	3	2	0	2	1	3	2	2	3	3	0	1	1	3	2	2	1	1	2	0	1	0	3	1	0	2	1	0	2	0	1	1	0	1	0	1	1	1	0	0	1	2	0	0	1	0	0	2	0	1	0	1	0	0	0	0	2	0	0	0	0	0	0	1	0	1	0	0	0	0	0	1	0	1	0	0	0	0	0	0	0	24
Different genes	Same gene	102	3	0	2	0	2	1	0	0	0	0	0	0	0	0	0	0	0	0	0	0	0	0	0	0	0	0	0	0	0	0	0	0	0	0	0	0	0	0	0	0	0	0	0	0	0	0	0	0	0	0	0	0	0	0	0	0	0	0	0	0	0	0	0	0	0	0	0	0	0	0	0	0	0	0	0	0	1	0	0	0	0	0	0	0	0	0	0	0	0	0	0	0	0	0	0	0	0	0	0	0
Different genes	Different genes	173	4	4	2	0	0	1	0	0	0	0	0	0	0	0	1	0	0	0	1	0	0	0	0	0	0	0	0	0	0	0	0	0	0	0	0	0	0	0	0	0	0	0	0	0	0	0	0	0	0	0	0	0	1	0	0	0	0	0	0	0	0	1	0	0	0	0	0	0	0	0	0	0	0	0	0	0	0	0	0	0	0	0	0	0	0	0	0	0	0	0	0	0	0	0	0	0	0	0	0	0
Different genes	One novel	298	8	3	2	1	0	2	0	1	1	0	0	2	1	2	0	0	1	0	0	0	0	0	0	0	0	0	1	0	0	0	0	0	0	0	0	0	0	0	0	0	0	0	0	0	0	0	0	0	0	0	0	0	0	0	0	0	1	0	0	0	0	0	0	0	0	0	0	0	0	0	0	0	0	0	0	0	0	0	1	0	0	0	0	0	0	0	0	0	0	0	0	0	0	0	0	0	0	0	0	0
Different genes	Both novel	47	1	3	2	4	0	0	0	0	0	0	0	0	0	0	0	0	0	1	0	0	0	0	0	0	0	0	0	0	0	0	0	0	0	0	0	0	0	0	0	0	0	0	0	0	0	0	0	0	0	0	0	0	0	0	0	0	0	0	0	0	0	0	0	0	0	0	0	0	0	0	0	0	0	0	0	0	0	0	0	0	0	0	0	0	0	0	0	0	0	0	0	0	0	0	0	0	0	0	0	0
One novel	Known splice	290862	240	196	170	185	139	137	103	96	89	85	68	78	79	47	67	67	47	49	43	42	46	37	38	37	37	39	30	30	34	37	30	18	29	22	28	32	19	31	8	18	23	19	21	19	17	27	23	21	15	17	16	21	14	7	17	17	8	22	14	20	15	15	12	14	12	13	13	16	9	13	10	9	12	7	4	10	11	14	7	11	6	11	10	9	9	11	8	11	12	10	4	7	10	7	6	3	5	3	7	688
One novel	Same gene	22	1	0	1	0	0	1	0	0	0	0	0	1	0	0	0	0	0	0	0	0	0	0	0	0	0	0	0	0	0	0	0	0	0	0	0	0	0	0	0	0	0	0	0	0	0	0	0	0	0	0	0	0	0	0	0	0	0	0	0	0	0	0	0	0	0	0	0	0	0	0	0	0	0	0	0	0	0	0	0	0	0	0	0	0	0	0	0	0	0	0	0	0	0	0	0	0	0	0	0	0
One novel	Different genes	0	0	0	0	0	0	0	0	0	0	0	0	0	0	0	0	0	0	0	0	0	0	0	0	0	0	0	0	0	0	0	0	0	0	0	0	0	0	0	0	0	0	0	0	0	0	0	0	0	0	0	0	0	0	0	0	0	0	0	0	0	0	0	0	0	0	0	0	0	0	0	0	0	0	0	0	0	0	0	0	0	0	0	0	0	0	0	0	0	0	0	0	0	0	0	0	0	0	0	0	0
One novel	One novel	5350	42	37	38	29	22	12	10	6	6	10	11	3	4	5	7	1	5	3	1	0	2	0	3	0	1	0	2	0	2	1	3	0	1	0	2	0	0	0	1	1	0	3	1	1	1	1	0	0	0	0	0	1	1	0	0	0	0	0	1	1	0	0	1	1	0	0	0	0	0	0	1	0	0	0	0	0	0	0	2	0	0	0	0	0	1	0	0	0	0	0	0	0	2	0	0	0	0	0	0	10
One novel	Both novel	2042	39	10	5	7	1	3	3	1	1	2	2	1	3	4	1	1	2	1	0	1	0	2	2	0	1	0	2	1	1	0	0	2	0	0	0	0	1	0	0	0	0	0	1	0	0	0	0	0	0	0	0	0	0	0	0	0	0	0	0	0	0	0	0	0	1	0	0	0	0	2	0	0	0	0	1	0	0	0	0	0	0	0	0	0	0	0	0	0	0	0	0	0	0	0	0	0	0	0	0	3
Both novel	Known splice	122137	239	169	141	108	82	67	57	70	53	40	37	31	33	25	24	30	13	27	18	23	19	19	17	9	16	12	16	9	14	18	14	12	5	13	10	11	17	10	7	11	16	11	12	12	9	4	8	6	8	8	9	2	5	7	5	8	9	4	3	5	9	10	3	7	6	6	5	3	2	1	6	6	2	5	5	9	4	1	4	2	3	4	0	2	1	3	3	3	6	4	2	3	5	4	3	1	2	5	0	281
Both novel	Same gene	2	0	1	0	0	0	0	0	0	0	0	0	0	0	0	0	0	0	0	0	0	0	0	0	0	0	0	0	0	0	0	0	0	0	0	0	0	0	0	0	0	0	0	0	0	0	0	0	0	0	0	0	0	0	0	0	0	0	0	0	0	0	0	0	0	0	0	0	0	0	0	0	0	0	0	0	0	0	0	0	0	0	0	0	0	0	0	0	0	0	0	0	0	0	0	0	0	0	0	0	0
Both novel	Different genes	0	0	0	0	0	0	0	0	0	0	0	0	0	0	0	0	0	0	0	0	0	0	0	0	0	0	0	0	0	0	0	0	0	0	0	0	0	0	0	0	0	0	0	0	0	0	0	0	0	0	0	0	0	0	0	0	0	0	0	0	0	0	0	0	0	0	0	0	0	0	0	0	0	0	0	0	0	0	0	0	0	0	0	0	0	0	0	0	0	0	0	0	0	0	0	0	0	0	0	0	0
Both novel	One novel	136	9	3	4	5	2	0	0	0	1	0	0	0	1	0	0	1	0	0	0	0	0	0	0	0	0	0	0	0	0	0	0	0	0	0	0	0	0	0	0	0	1	0	0	0	0	0	0	0	0	0	0	0	0	0	0	0	0	0	0	0	0	0	0	0	0	0	0	0	0	0	0	0	0	0	0	0	0	0	0	0	0	0	0	0	0	0	0	0	0	0	0	0	0	0	0	0	0	0	0	0
Both novel	Both novel	37750	1774	217	120	65	48	34	38	22	16	24	15	13	14	15	13	7	9	8	8	7	9	7	4	6	5	5	8	8	5	3	3	4	4	3	6	5	5	4	4	2	3	2	0	0	3	4	4	3	3	3	4	3	1	0	1	1	1	2	2	5	1	2	0	1	1	1	1	1	1	2	1	2	1	1	0	0	2	2	1	0	0	1	0	2	0	0	1	0	0	0	1	0	0	1	0	0	0	0	0	51
