	0	1	2	3	4	5	6	7	8	9	10	11	12	13	14	15	16	17	18	19	20
1	655	1	2	2	5	4	1	2	6	1	4	11	2	10	4	8	1	4	1	1	1171
2	1163	2	6	4	2	7	1	4	6	4	5	1	2	2	8	3	1	6	3	0	1321
3	1402	4	4	1	4	9	2	6	2	5	3	4	8	2	3	3	6	4	4	1	2394
4	1417	0	5	2	3	3	4	0	1	4	0	5	5	4	2	1	1	0	1	0	824
5	1578	6	3	1	1	1	2	10	1	0	1	3	7	5	2	0	1	0	1	0	505
6	1595	5	2	0	1	3	0	5	0	0	0	2	6	4	0	0	0	1	1	0	393
7	1569	3	4	1	2	2	2	0	0	0	0	2	3	1	0	0	0	0	0	1	385
8	1646	5	2	1	1	0	2	0	2	0	1	1	1	0	1	0	1	0	1	1	320
9	1510	3	1	0	1	0	0	0	0	0	0	1	4	0	0	0	0	0	0	1	318
10	1596	2	2	0	0	2	0	1	0	0	1	2	3	0	1	1	0	1	0	0	340
11	1059	4	4	0	1	0	0	0	0	0	0	3	2	0	0	0	1	1	0	0	352
12	858	1	3	0	4	0	0	0	0	0	0	0	2	0	0	0	0	2	1	1	327
13	1144	3	3	0	3	3	1	0	0	1	0	6	2	0	1	0	0	0	3	0	360
14	864	3	2	0	1	0	0	0	0	0	0	2	1	0	0	0	1	0	2	1	327
15	778	3	6	2	2	1	1	1	0	1	1	2	2	0	0	0	0	0	0	0	325
16	709	5	1	2	3	1	0	0	0	3	1	3	2	0	1	0	0	0	1	0	315
17	714	3	0	0	0	1	2	0	0	0	0	1	1	0	1	0	0	0	2	0	365
18	768	5	3	0	2	2	0	0	0	0	1	3	2	0	1	0	0	1	0	0	341
19	713	3	0	2	1	1	0	0	0	0	1	1	4	0	1	0	1	0	0	0	318
20	714	5	0	0	2	0	0	0	0	0	0	0	2	0	0	0	0	2	0	2	352
21	675	4	8	0	4	2	0	0	0	0	0	4	1	0	0	0	1	0	2	1	327
22	728	6	1	0	2	0	1	0	0	0	0	1	1	0	0	0	0	1	2	0	333
23	705	5	3	0	2	0	2	0	0	0	2	2	2	0	0	0	1	0	0	0	426
24	709	4	4	2	0	1	1	0	0	0	0	2	3	0	0	0	0	2	2	0	345
25	991	2	3	2	1	0	0	0	0	0	0	2	2	0	1	0	2	1	2	0	370
26	766	6	5	0	1	1	0	0	2	0	0	3	1	0	0	0	1	0	1	0	382
27	696	2	5	1	1	1	1	0	0	0	0	3	6	0	1	0	0	0	0	0	380
28	660	3	4	0	3	1	3	0	0	0	0	3	1	0	0	0	0	0	3	1	346
29	679	4	3	1	2	1	0	0	0	0	1	3	4	0	0	0	0	1	0	0	383
30	701	3	3	1	2	1	1	1	0	1	0	4	4	0	0	0	0	0	2	0	390
31	713	5	2	0	1	1	1	0	0	0	0	3	3	1	0	0	3	2	3	1	375
32	695	4	2	2	0	2	1	0	0	0	0	0	3	0	2	0	0	0	0	0	380
33	664	4	6	1	1	2	1	0	0	0	1	1	4	0	1	0	0	1	2	0	370
34	682	3	4	1	1	0	1	0	0	1	2	2	1	0	0	0	1	1	1	0	383
35	716	4	3	1	2	1	0	0	0	0	1	3	1	0	0	0	1	1	0	0	337
36	620	4	5	1	2	2	0	1	0	0	1	0	3	0	0	0	0	1	1	0	363
37	673	3	2	0	4	2	2	1	1	0	1	0	1	0	0	6	0	0	0	0	370
38	689	0	1	0	3	0	2	0	0	0	2	3	2	0	2	0	1	0	2	0	340
39	661	3	4	1	4	1	1	0	0	0	0	3	5	1	0	0	2	1	1	0	351
40	640	7	3	1	2	1	1	1	0	0	2	1	4	0	0	0	2	3	1	0	350
41	653	5	3	0	2	1	2	0	0	0	3	1	3	0	0	0	2	1	0	0	321
42	756	4	10	0	1	0	1	0	0	0	2	2	3	0	1	0	0	1	1	0	356
43	694	6	8	0	1	0	1	0	1	0	1	3	2	0	0	0	1	0	3	0	376
44	682	3	8	0	3	0	2	0	0	0	0	0	3	1	0	0	0	2	2	0	390
45	686	6	2	0	3	1	1	0	2	0	1	1	0	0	0	0	2	3	1	0	332
46	680	5	2	1	2	3	1	2	0	0	0	2	0	1	0	0	1	0	0	1	346
47	758	3	1	1	4	0	0	0	0	0	0	0	0	0	0	0	2	1	1	0	357
48	672	5	2	0	1	0	1	0	0	0	1	2	2	0	0	0	2	1	2	1	354
49	673	5	5	0	2	1	1	0	0	0	1	2	2	0	0	0	1	0	2	0	364
50	659	4	5	0	2	0	1	0	0	1	0	2	1	0	0	0	0	0	3	0	342
51	683	1	2	0	3	1	2	0	0	0	0	1	2	0	0	0	0	3	4	0	339
52	678	4	3	1	3	2	0	0	0	0	0	1	2	0	0	0	1	1	4	0	356
53	682	6	5	0	1	1	1	0	0	0	0	2	2	0	0	0	1	0	1	0	340
54	684	4	2	0	3	0	0	0	1	0	0	2	2	1	1	0	0	2	1	0	340
55	669	4	4	1	3	1	1	1	0	0	1	0	1	0	0	0	1	0	3	0	334
56	719	0	5	0	1	1	0	0	0	0	1	1	1	0	1	2	0	0	2	0	318
57	635	5	4	0	3	0	1	0	0	0	0	2	0	1	0	0	0	1	4	0	381
58	655	3	1	0	1	2	1	0	0	0	1	2	0	0	0	0	1	2	2	0	380
59	611	5	3	0	3	2	0	0	0	0	0	2	0	0	1	0	0	0	2	0	339
60	653	3	3	0	0	0	0	0	0	0	1	1	1	0	1	0	0	1	3	0	479
61	652	5	4	2	3	3	0	0	0	0	1	1	1	0	0	0	0	2	1	0	305
62	711	1	3	0	2	0	1	0	0	0	0	1	3	0	0	0	0	2	1	1	293
63	853	3	4	1	3	0	0	0	0	0	0	1	0	0	0	0	1	0	0	0	311
64	1742	5	2	1	2	1	0	0	0	1	1	2	0	0	0	0	0	1	1	0	350
65	1029	2	2	2	2	0	1	1	0	0	2	2	1	0	0	0	1	1	5	0	368
66	1379	3	1	0	3	1	0	0	0	0	2	2	1	6	0	0	0	5	1	1	319
67	1323	2	6	1	0	1	1	0	0	0	1	3	0	0	0	0	1	2	18	0	352
68	1417	1	3	2	0	3	0	0	1	0	0	3	0	2	0	0	0	3	2	1	342
69	1283	3	2	1	4	3	2	2	1	0	2	0	0	1	0	0	2	0	1	0	412
70	1256	8	7	3	3	2	3	2	3	1	1	0	1	3	2	0	2	2	6	0	506
71	1234	2	7	0	3	14	3	8	2	2	2	7	6	7	6	4	2	1	3	1	622
72	1057	7	11	4	7	11	2	8	9	10	10	6	9	7	7	3	9	4	9	5	952
73	1058	15	19	13	18	26	28	20	11	24	13	17	11	13	18	17	13	18	21	15	1339
74	975	21	18	23	29	26	31	32	32	27	27	38	25	23	26	16	11	15	25	18	1915
75	682	13	35	30	43	36	37	35	31	22	34	49	34	25	40	30	31	45	34	17	2718
