	0	1	2	3	4	5	6	7	8	9	10	11	12	13	14	15	16	17	18	19	20
1	0	6	4	8	3	5	6	11	5	7	11	9	13	5	9	8	5	11	6	3	7123
2	0	4	4	3	3	6	3	9	5	3	10	3	5	1	5	13	1	9	11	5	7299
3	0	6	5	6	6	5	7	3	5	3	17	8	8	11	4	10	6	12	11	8	9521
4	0	3	3	2	3	5	6	7	6	6	4	5	6	10	8	10	4	9	7	8	7708
5	0	1	5	8	9	6	5	3	11	11	8	2	6	9	13	11	2	10	6	4	7693
6	0	6	4	7	5	11	4	7	7	7	12	10	4	10	10	25	5	19	11	7	8335
7	0	4	1	5	11	1	4	6	3	3	2	11	8	4	5	2	5	6	13	8	8239
8	0	4	4	8	4	6	7	2	10	6	3	5	3	4	8	6	5	9	7	6	7946
9	0	4	5	8	5	3	2	7	2	6	3	5	3	4	6	4	3	7	3	5	6012
10	0	1	5	2	4	2	4	2	8	3	3	9	1	2	8	5	4	2	7	2	4454
11	0	2	6	3	1	3	3	1	3	3	5	5	1	1	2	6	3	8	11	1	4034
12	0	2	5	5	1	1	3	3	12	1	6	3	6	2	7	4	3	5	6	3	3733
13	0	1	1	5	2	3	4	9	5	2	2	5	0	1	6	1	2	6	3	0	3409
14	0	0	1	2	1	3	3	2	2	2	2	1	0	3	2	6	1	4	3	0	3258
15	0	1	6	1	3	0	1	7	1	3	7	6	4	5	3	4	3	11	2	5	3124
16	0	1	2	2	2	3	4	5	2	5	4	4	3	4	5	5	1	2	3	2	3050
17	0	0	1	1	7	5	4	4	1	3	2	1	2	2	6	4	1	5	4	2	3003
18	0	0	5	4	1	2	3	2	1	3	3	5	4	6	3	5	3	5	4	1	2920
19	0	3	1	1	0	1	0	2	2	3	2	4	6	5	1	2	2	7	2	1	2824
20	0	1	2	4	1	0	1	3	2	2	2	1	2	3	4	3	1	8	3	2	2846
21	0	1	1	3	2	4	2	1	0	2	2	0	3	0	2	3	2	4	3	1	2881
22	0	4	1	2	1	3	0	1	1	3	5	4	1	2	5	1	7	4	2	4	2852
23	0	1	4	5	4	2	2	1	3	2	2	12	2	1	1	1	0	3	2	5	2843
24	0	2	1	0	2	2	2	1	3	2	2	6	4	1	4	3	1	5	5	2	2772
25	0	1	1	6	3	2	0	3	0	0	3	1	2	2	6	1	0	6	3	2	2782
26	0	3	0	1	2	4	3	0	1	2	3	1	3	1	3	3	2	1	6	3	2698
27	0	1	3	2	0	1	1	2	3	2	1	1	3	1	3	5	1	6	6	5	2848
28	0	5	3	4	1	2	5	1	5	2	4	3	4	2	0	4	1	2	2	3	2800
29	0	3	1	3	0	4	4	2	3	3	4	3	2	2	3	2	1	5	3	1	3731
30	0	2	5	4	0	1	2	2	3	1	3	4	0	2	1	6	1	1	3	2	2866
31	0	0	3	0	5	2	1	1	1	0	1	2	1	1	1	2	1	4	5	2	2743
32	0	0	5	2	3	0	2	3	3	1	2	2	5	1	3	1	8	3	6	1	2829
33	0	3	2	3	1	4	1	3	3	3	3	2	3	3	2	3	0	1	8	1	2818
34	0	4	3	1	2	2	1	1	4	0	2	2	6	4	4	3	3	3	2	2	2910
35	0	2	1	2	3	1	1	0	4	0	3	2	3	1	0	3	3	4	3	4	2766
36	0	5	1	5	2	2	1	2	3	1	3	2	1	2	1	3	3	3	4	0	2876
37	0	1	3	0	2	2	1	0	1	0	3	4	4	1	4	3	2	3	4	4	3300
38	0	1	3	0	0	0	2	1	5	1	3	4	1	0	3	8	2	7	16	2	2831
39	0	2	2	0	1	0	5	4	1	1	3	2	2	2	3	2	0	8	3	2	2903
40	0	0	2	4	3	1	3	1	0	4	3	4	1	2	0	1	1	5	4	4	2913
41	0	2	5	2	1	4	5	2	5	2	0	2	1	1	1	1	2	1	3	2	2959
42	0	3	4	3	4	1	5	0	4	1	1	4	2	2	2	3	2	8	6	1	2815
43	0	1	1	2	2	4	1	4	4	2	4	1	2	1	1	1	2	7	3	5	2865
44	0	1	0	1	4	2	0	2	7	1	4	4	1	3	2	2	1	5	5	3	3116
45	0	1	3	3	5	1	1	2	1	3	3	1	3	1	5	1	0	1	2	1	3032
46	0	0	4	4	2	1	0	0	2	6	2	0	3	0	5	3	0	4	7	6	3484
47	0	3	5	2	1	3	2	2	3	3	5	2	7	4	2	3	2	5	5	1	2769
48	0	3	4	0	1	3	1	1	2	2	1	1	2	3	2	2	1	4	3	5	3327
49	0	1	3	5	1	1	5	1	3	3	2	2	2	3	4	3	2	2	6	3	2934
50	0	3	2	7	5	4	4	1	1	3	5	3	1	3	0	1	1	8	8	1	2880
51	0	2	1	2	5	3	3	0	6	4	3	5	2	1	3	1	1	5	2	12	3044
52	0	2	0	2	2	2	3	5	5	3	6	1	5	4	4	4	3	5	3	1	2901
53	0	1	2	1	2	2	4	1	2	1	2	2	4	3	1	2	0	6	1	3	2988
54	0	0	3	2	0	3	2	0	3	2	2	2	1	3	0	3	7	2	4	3	3299
55	0	1	1	1	1	5	4	1	1	3	7	4	2	3	4	3	3	5	0	1	2912
56	0	5	1	0	3	4	0	3	1	4	1	10	2	0	6	3	2	3	3	1	3008
57	0	1	3	3	2	3	6	4	2	2	3	1	3	1	3	4	2	5	1	1	2969
58	0	3	2	1	1	6	1	1	0	5	1	5	4	2	4	7	3	3	2	3	3164
59	0	1	2	2	1	2	0	1	3	5	4	8	2	0	4	2	5	1	6	1	3129
60	0	4	2	6	1	7	3	2	4	9	8	2	1	2	4	2	3	4	2	1	3154
61	0	1	1	3	8	4	3	2	7	5	3	1	4	2	4	3	2	2	4	2	3585
62	0	1	5	3	2	1	7	3	4	1	4	3	5	3	1	2	2	2	9	3	3847
63	0	3	2	3	5	1	1	3	5	3	2	3	1	4	6	3	2	5	4	0	3922
64	0	3	3	5	1	7	2	7	1	3	5	5	2	3	3	4	2	3	4	2	4153
65	0	1	1	2	3	2	1	4	3	2	2	2	3	4	7	3	1	9	4	4	4552
66	0	4	3	3	6	3	5	4	5	4	3	5	6	4	3	3	3	6	3	2	5931
67	0	1	5	4	8	3	7	7	8	5	6	5	6	4	5	7	5	8	16	4	5730
68	0	4	4	6	2	7	7	4	4	5	12	6	9	5	5	10	2	7	7	5	8034
69	0	1	6	8	2	4	5	4	7	6	10	5	7	5	6	5	2	11	11	6	8002
70	0	3	5	1	5	6	3	3	6	7	1	5	5	5	5	1	8	8	23	9	7870
71	0	3	6	7	4	11	6	8	10	10	12	6	8	7	6	7	5	5	7	6	7406
72	0	2	6	2	7	7	4	7	6	8	12	7	5	7	6	5	3	11	8	10	7590
73	0	2	2	6	3	7	10	7	6	8	4	13	9	10	11	4	1	13	10	4	7401
74	0	5	5	4	7	6	3	2	12	14	6	5	2	11	8	4	6	15	4	7	6914
75	0	2	3	6	1	5	5	4	6	3	11	8	7	2	5	7	6	12	8	4	7107
